0.000000000000000000e+00
9.603075417142392656e-01
1.674583868799081721e+00
2.003290610137789862e+00
1.964779649372459636e+00
1.706107373853763542e+00
1.410969407225962868e+00
1.195870025998887254e+00
1.051225561002518516e+00
8.589108258007520647e-01
4.755282581475769876e-01
-1.656204625168847255e-01
-9.915082282426075366e-01
-1.802096265092234750e+00
-2.354526558823316407e+00
-2.475528258147577265e+00
-2.142989869641165779e+00
-1.493689045167466922e+00
-7.534065418339370712e-01
-1.268903633855508195e-01
2.938926261462362910e-01
5.553673719677447718e-01
7.903138831970515366e-01
1.119020624535758790e+00
1.559839479625963365e+00
1.999999999999999334e+00
2.244386585554650093e+00
2.117047352964031237e+00
1.560827125972842122e+00
6.807006055320479199e-01
-2.938926261462340150e-01
-1.109177614114238430e+00
-1.597734467335953701e+00
-1.742378932332325547e+00
-1.661236195539450566e+00
-1.524471741852423179e+00
-1.449699506357297052e+00
-1.433971712407553722e+00
-1.359632780927284124e+00
-1.070447514982904691e+00
-4.755282581475780423e-01
3.771571516990388506e-01
1.299915448167374477e+00
2.040197951500903883e+00
2.393256657954651700e+00
2.293892626146239344e+00
1.839446415808158486e+00
1.232777367362001941e+00
6.765571403708083853e-01
2.757604357855467647e-01
-3.062854959141559548e-15
-2.757604357855522603e-01
-6.765571403708150466e-01
-1.232777367361999277e+00
-1.839446415808152491e+00
-2.293892626146235791e+00
-2.393256657954651700e+00
-2.040197951500902107e+00
-1.299915448167374921e+00
-3.771571516990372963e-01
4.755282581475739900e-01
1.070447514982907800e+00
1.359632780927285234e+00
1.433971712407560828e+00
1.449699506357298162e+00
1.524471741852422735e+00
1.661236195539445459e+00
1.742378932332319774e+00
1.597734467335949260e+00
1.109177614114237986e+00
2.938926261462319611e-01
-6.807006055320491411e-01
-1.560827125972846119e+00
-2.117047352964027684e+00
-2.244386585554655422e+00
-2.000000000000004441e+00
-1.559839479625966030e+00
-1.119020624535758568e+00
-7.903138831970504263e-01
-5.553673719677387766e-01
-2.938926261462375122e-01
1.268903633855525959e-01
7.534065418339417342e-01
1.493689045167468032e+00
2.142989869641164447e+00
2.475528258147575045e+00
2.354526558823315519e+00
1.802096265092230976e+00
9.915082282426126437e-01
1.656204625168934963e-01
-4.755282581475772097e-01
-8.589108258007568386e-01
-1.051225561002522291e+00
-1.195870025998892361e+00
-1.410969407225961758e+00
-1.706107373853759324e+00
-1.964779649372458081e+00
-2.003290610137787642e+00
-1.674583868799078390e+00
-9.603075417142377113e-01
3.186557600329471201e-15
9.603075417142377113e-01
1.674583868799085717e+00
2.003290610137795191e+00
1.964779649372465853e+00
1.706107373853767317e+00
1.410969407225962868e+00
1.195870025998889918e+00
1.051225561002516518e+00
8.589108258007459584e-01
4.755282581475719916e-01
-1.656204625168912759e-01
-9.915082282425993210e-01
-1.802096265092233640e+00
-2.354526558823316851e+00
-2.475528258147578153e+00
-2.142989869641166223e+00
-1.493689045167469587e+00
-7.534065418339376263e-01
-1.268903633855432700e-01
2.938926261462407319e-01
5.553673719677473253e-01
7.903138831970586420e-01
1.119020624535754793e+00
1.559839479625959591e+00
1.999999999999994449e+00
2.244386585554644764e+00
2.117047352964026352e+00
1.560827125972846119e+00
6.807006055320534710e-01
-2.938926261462389000e-01
-1.109177614114245536e+00
-1.597734467335965913e+00
-1.742378932332323993e+00
-1.661236195539453675e+00
-1.524471741852424733e+00
-1.449699506357293943e+00
-1.433971712407553278e+00
-1.359632780927277462e+00
-1.070447514982897808e+00
-4.755282581475667181e-01
3.771571516990472328e-01
1.299915448167377363e+00
2.040197951500906104e+00
2.393256657954654365e+00
2.293892626146246450e+00
1.839446415808166257e+00
1.232777367362011045e+00
6.765571403708126041e-01
2.757604357855454325e-01
-1.274127855622518036e-14
-2.757604357855520383e-01
-6.765571403708074971e-01
-1.232777367361994614e+00
-1.839446415808145607e+00
-2.293892626146231351e+00
-2.393256657954651256e+00
-2.040197951500904328e+00
-1.299915448167376031e+00
-3.771571516990372963e-01
4.755282581475721582e-01
1.070447514982906245e+00
1.359632780927293672e+00
1.433971712407561494e+00
1.449699506357302381e+00
1.524471741852421403e+00
1.661236195539447902e+00
1.742378932332315555e+00
1.597734467335942821e+00
1.109177614114226440e+00
2.938926261462413425e-01
-6.807006055320485860e-01
-1.560827125972849005e+00
-2.117047352964039231e+00
-2.244386585554659863e+00
-1.999999999999998890e+00
-1.559839479625970249e+00
-1.119020624535760788e+00
-7.903138831970526468e-01
-5.553673719677428844e-01
-2.938926261462272982e-01
1.268903633855519852e-01
7.534065418339370712e-01
1.493689045167447160e+00
2.142989869641153788e+00
2.475528258147574601e+00
2.354526558823322624e+00
1.802096265092240301e+00
9.915082282426159743e-01
1.656204625168866129e-01
-4.755282581475823167e-01
-8.589108258007625007e-01
-1.051225561002526288e+00
-1.195870025998891695e+00
-1.410969407225963090e+00
-1.706107373853763765e+00
-1.964779649372448089e+00
-2.003290610137779648e+00
-1.674583868799079944e+00
-9.603075417142394876e-01
6.373115200658942403e-15
9.603075417142529213e-01
1.674583868799083275e+00
2.003290610137794747e+00
1.964779649372459636e+00
1.706107373853768205e+00
1.410969407225958427e+00
1.195870025998877484e+00
1.051225561002494091e+00
8.589108258007407404e-01
4.755282581475717696e-01
-1.656204625168883338e-01
-9.915082282426008753e-01
-1.802096265092215877e+00
-2.354526558823311078e+00
-2.475528258147580818e+00
-2.142989869641174216e+00
-1.493689045167472473e+00
-7.534065418339441766e-01
-1.268903633855439916e-01
2.938926261462479483e-01
5.553673719677669762e-01
7.903138831970690781e-01
1.119020624535753683e+00
1.559839479625952707e+00
1.999999999999992673e+00
2.244386585554649649e+00
2.117047352964027240e+00
1.560827125972837681e+00
6.807006055320367066e-01
-2.938926261462437295e-01
-1.109177614114256638e+00
-1.597734467335949482e+00
-1.742378932332330654e+00
-1.661236195539454341e+00
-1.524471741852422957e+00
-1.449699506357291057e+00
-1.433971712407545063e+00
-1.359632780927273021e+00
-1.070447514982882931e+00
-4.755282581475882009e-01
3.771571516990238626e-01
1.299915448167366927e+00
2.040197951500896334e+00
2.393256657954656585e+00
2.293892626146242009e+00
1.839446415808175583e+00
1.232777367362013266e+00
6.765571403708149356e-01
2.757604357855415467e-01
-1.176156111690729760e-14
-2.757604357855591437e-01
-6.765571403708176002e-01
-1.232777367362000609e+00
-1.839446415808154711e+00
-2.293892626146224689e+00
-2.393256657954651700e+00
-2.040197951500906548e+00
-1.299915448167386245e+00
-3.771571516990408490e-01
4.755282581475834824e-01
1.070447514982921122e+00
1.359632780927304552e+00
1.433971712407569710e+00
1.449699506357309708e+00
1.524471741852420736e+00
1.661236195539447236e+00
1.742378932332308672e+00
1.597734467335943709e+00
1.109177614114229105e+00
2.938926261462307954e-01
-6.807006055320582449e-01
-1.560827125972857443e+00
-2.117047352964046336e+00
-2.244386585554655866e+00
-2.000000000000000444e+00
-1.559839479625967584e+00
-1.119020624535753239e+00
-7.903138831970397682e-01
-5.553673719677166831e-01
-2.938926261462116440e-01
1.268903633855742452e-01
7.534065418339570552e-01
1.493689045167483354e+00
2.142989869641168887e+00
2.475528258147578597e+00
2.354526558823313742e+00
1.802096265092221650e+00
9.915082282425831117e-01
1.656204625168956057e-01
-4.755282581475847592e-01
-8.589108258007469576e-01
-1.051225561002516518e+00
-1.195870025998890585e+00
-1.410969407225954653e+00
-1.706107373853751108e+00
-1.964779649372437875e+00
-2.003290610137779648e+00
-1.674583868799083053e+00
-9.603075417142532544e-01
-1.175660927181459000e-14
9.603075417142121761e-01
1.674583868799068620e+00
2.003290610137794747e+00
1.964779649372469850e+00
1.706107373853781306e+00
1.410969407225966421e+00
1.195870025998879038e+00
1.051225561002492315e+00
8.589108258007283059e-01
4.755282581475595571e-01
-1.656204625168657962e-01
-9.915082282425859983e-01
-1.802096265092221428e+00
-2.354526558823314186e+00
-2.475528258147581262e+00
-2.142989869641171996e+00
-1.493689045167466922e+00
-7.534065418339355169e-01
-1.268903633855326674e-01
2.938926261462325162e-01
5.553673719677525433e-01
7.903138831970566436e-01
1.119020624535760566e+00
1.559839479625955150e+00
1.999999999999991340e+00
2.244386585554644764e+00
2.117047352964020135e+00
1.560827125972829243e+00
6.807006055320270477e-01
-2.938926261462258549e-01
-1.109177614114240429e+00
-1.597734467335959696e+00
-1.742378932332339092e+00
-1.661236195539459448e+00
-1.524471741852423401e+00
-1.449699506357286838e+00
-1.433971712407536847e+00
-1.359632780927262363e+00
-1.070447514982898252e+00
-4.755282581475768766e-01
3.771571516990462891e-01
1.299915448167374921e+00
2.040197951500902107e+00
2.393256657954657918e+00
2.293892626146243341e+00
1.839446415808164481e+00
1.232777367361981735e+00
6.765571403707821840e-01
2.757604357855499289e-01
-1.078184367758941326e-14
-2.757604357855714117e-01
-6.765571403708041665e-01
-1.232777367361980847e+00
-1.839446415808119850e+00
-2.293892626146223357e+00
-2.393256657954653921e+00
-2.040197951500932305e+00
-1.299915448167401122e+00
-3.771571516990704920e-01
4.755282581475576142e-01
1.070447514982905801e+00
1.359632780927305884e+00
1.433971712407587695e+00
1.449699506357305268e+00
1.524471741852415851e+00
1.661236195539426141e+00
1.742378932332317110e+00
1.597734467335948816e+00
1.109177614114250643e+00
2.938926261462486145e-01
-6.807006055320268256e-01
-1.560827125972825247e+00
-2.117047352964036566e+00
-2.244386585554670965e+00
-2.000000000000030198e+00
-1.559839479625974024e+00
-1.119020624535763897e+00
-7.903138831970523137e-01
-5.553673719677311160e-01
-2.938926261462156408e-01
1.268903633855586466e-01
7.534065418339429554e-01
1.493689045167458262e+00
2.142989869641171108e+00
2.475528258147573712e+00
2.354526558823325733e+00
1.802096265092232530e+00
9.915082282426112004e-01
1.656204625168850031e-01
-4.755282581475882009e-01
-8.589108258007740471e-01
-1.051225561002550490e+00
-1.195870025998899688e+00
-1.410969407225969530e+00
-1.706107373853749998e+00
-1.964779649372460746e+00
-2.003290610137780980e+00
-1.674583868799073505e+00
-9.603075417142223902e-01
1.274623040131788481e-14
9.603075417142492576e-01
1.674583868799103037e+00
2.003290610137810290e+00
1.964779649372475179e+00
1.706107373853759324e+00
1.410969407225960426e+00
1.195870025998871267e+00
1.051225561002508968e+00
8.589108258007551733e-01
4.755282581475472892e-01
-1.656204625168883893e-01
-9.915082282426305182e-01
-1.802096265092226979e+00
-2.354526558823331950e+00
-2.475528258147577265e+00
-2.142989869641160894e+00
-1.493689045167508445e+00
-7.534065418339571663e-01
-1.268903633855751889e-01
2.938926261462569411e-01
5.553673719677522103e-01
7.903138831970668576e-01
1.119020624535749908e+00
1.559839479625947378e+00
1.999999999999990230e+00
2.244386585554647873e+00
2.117047352964029017e+00
1.560827125972866547e+00
6.807006055320583560e-01
-2.938926261461964895e-01
-1.109177614114251309e+00
-1.597734467335954589e+00
-1.742378932332361297e+00
-1.661236195539455451e+00
-1.524471741852428286e+00
-1.449699506357285284e+00
-1.433971712407562160e+00
-1.359632780927261475e+00
-1.070447514982907355e+00
-4.755282581475611670e-01
3.771571516990166462e-01
1.299915448167369370e+00
2.040197951500899443e+00
2.393256657954664579e+00
2.293892626146255775e+00
1.839446415808165813e+00
1.232777367362001275e+00
6.765571403708177112e-01
2.757604357855273358e-01
-9.802126238271532073e-15
-2.757604357855940602e-01
-6.765571403708129372e-01
-1.232777367362012599e+00
-1.839446415808136059e+00
-2.293892626146234015e+00
-2.393256657954644151e+00
-2.040197951500918538e+00
-1.299915448167356269e+00
-3.771571516990480655e-01
4.755282581476016901e-01
1.070447514982911574e+00
1.359632780927326312e+00
1.433971712407582810e+00
1.449699506357294609e+00
1.524471741852419626e+00
1.661236195539433691e+00
1.742378932332305785e+00
1.597734467335946151e+00
1.109177614114209787e+00
2.938926261462265765e-01
-6.807006055320777849e-01
-1.560827125972842788e+00
-2.117047352964059659e+00
-2.244386585554665192e+00
-2.000000000000017319e+00
-1.559839479625952263e+00
-1.119020624535756347e+00
-7.903138831970099032e-01
-5.553673719677325593e-01
-2.938926261462195821e-01
1.268903633855187341e-01
7.534065418339210840e-01
1.493689045167416518e+00
2.142989869641152012e+00
2.475528258147568827e+00
2.354526558823328841e+00
1.802096265092257177e+00
9.915082282426161964e-01
1.656204625169074851e-01
-4.755282581476047987e-01
-8.589108258007719376e-01
-1.051225561002529396e+00
-1.195870025998898134e+00
-1.410969407225952876e+00
-1.706107373853737119e+00
-1.964779649372450310e+00
-2.003290610137764105e+00
-1.674583868799087938e+00
-9.603075417142226122e-01
-1.959434878635764895e-14
9.603075417141950787e-01
1.674583868799088382e+00
2.003290610137793859e+00
1.964779649372494275e+00
1.706107373853772202e+00
1.410969407225959538e+00
1.195870025998872599e+00
1.051225561002484321e+00
8.589108258007303043e-01
4.755282581475875348e-01
-1.656204625168928302e-01
-9.915082282425795590e-01
-1.802096265092219207e+00
-2.354526558823311522e+00
-2.475528258147582594e+00
-2.142989869641188427e+00
-1.493689045167456042e+00
-7.534065418339408460e-01
-1.268903633855069657e-01
2.938926261462584399e-01
5.553673719677507670e-01
7.903138831970863976e-01
1.119020624535757458e+00
1.559839479625960257e+00
1.999999999999974243e+00
2.244386585554635882e+00
2.117047352964022799e+00
1.560827125972821028e+00
6.807006055320344862e-01
-2.938926261462185829e-01
-1.109177614114259525e+00
-1.597734467335957476e+00
-1.742378932332355745e+00
-1.661236195539472993e+00
-1.524471741852424067e+00
-1.449699506357287060e+00
-1.433971712407507093e+00
-1.359632780927263696e+00
-1.070447514982901582e+00
-4.755282581475542836e-01
3.771571516990390172e-01
1.299915448167391130e+00
2.040197951500897666e+00
2.393256657954665467e+00
2.293892626146245561e+00
1.839446415808160262e+00
1.232777367361986398e+00
6.765571403708090514e-01
2.757604357855047428e-01
-8.822408798953649310e-15
-2.757604357855960031e-01
-6.765571403708234843e-01
-1.232777367362027476e+00
-1.839446415808152491e+00
-2.293892626146221136e+00
-2.393256657954642819e+00
-2.040197951500871465e+00
-1.299915448167362042e+00
-3.771571516990258610e-01
4.755282581476173998e-01
1.070447514982929338e+00
1.359632780927324092e+00
1.433971712407577925e+00
1.449699506357322587e+00
1.524471741852423623e+00
1.661236195539423699e+00
1.742378932332283581e+00
1.597734467335943487e+00
1.109177614114196242e+00
2.938926261462044276e-01
-6.807006055321016547e-01
-1.560827125972860330e+00
-2.117047352964065432e+00
-2.244386585554659419e+00
-2.000000000000004885e+00
-1.559839479625939385e+00
-1.119020624535785435e+00
-7.903138831970363265e-01
-5.553673719677316711e-01
-2.938926261461951572e-01
1.268903633855328894e-01
7.534065418338762310e-01
1.493689045167408302e+00
2.142989869641124479e+00
2.475528258147563943e+00
2.354526558823349269e+00
1.802096265092264726e+00
9.915082282426672666e-01
1.656204625169029887e-01
-4.755282581475645531e-01
-8.589108258007969177e-01
-1.051225561002553821e+00
-1.195870025998879926e+00
-1.410969407225953320e+00
-1.706107373853724685e+00
-1.964779649372431214e+00
-2.003290610137780092e+00
-1.674583868799079500e+00
-9.603075417142770132e-01
-2.351321854362918000e-14
9.603075417141948567e-01
1.674583868799051078e+00
2.003290610137810734e+00
1.964779649372496051e+00
1.706107373853784859e+00
1.410969407225976635e+00
1.195870025998857500e+00
1.051225561002505415e+00
8.589108258007055463e-01
4.755282581475709369e-01
-1.656204625168433142e-01
-9.915082282425744520e-01
-1.802096265092178351e+00
-2.354526558823308413e+00
-2.475528258147587035e+00
-2.142989869641198641e+00
-1.493689045167497564e+00
-7.534065418339399578e-01
-1.268903633855469337e-01
2.938926261462828093e-01
5.553673719677775233e-01
7.903138831970599743e-01
1.119020624535763453e+00
1.559839479625935166e+00
1.999999999999987121e+00
2.244386585554638103e+00
2.117047352964014806e+00
1.560827125972849228e+00
6.807006055320390381e-01
-2.938926261462176392e-01
-1.109177614114219113e+00
-1.597734467335975239e+00
-1.742378932332344421e+00
-1.661236195539465221e+00
-1.524471741852429396e+00
-1.449699506357276846e+00
-1.433971712407545507e+00
-1.359632780927239493e+00
-1.070447514982883597e+00
-4.755282581475954173e-01
3.771571516990364636e-01
1.299915448167339393e+00
2.040197951500911433e+00
2.393256657954654365e+00
2.293892626146258440e+00
1.839446415808161595e+00
1.232777367361989507e+00
6.765571403707986153e-01
2.757604357855569233e-01
-3.626440079003977714e-14
-2.757604357855644173e-01
-6.765571403708321441e-01
-1.232777367361991061e+00
-1.839446415808140500e+00
-2.293892626146231351e+00
-2.393256657954636157e+00
-2.040197951500906548e+00
-1.299915448167340060e+00
-3.771571516990283590e-01
4.755282581475674952e-01
1.070447514982935111e+00
1.359632780927302331e+00
1.433971712407599464e+00
1.449699506357303047e+00
1.524471741852418738e+00
1.661236195539424143e+00
1.742378932332289132e+00
1.597734467335925723e+00
1.109177614114242205e+00
2.938926261462054268e-01
-6.807006055320431459e-01
-1.560827125972859886e+00
-2.117047352964040119e+00
-2.244386585554674518e+00
-2.000000000000020428e+00
-1.559839479625947156e+00
-1.119020624535742581e+00
-7.903138831970348832e-01
-5.553673719677071352e-01
-2.938926261461936584e-01
1.268903633855957835e-01
7.534065418339538356e-01
1.493689045167460927e+00
2.142989869641156453e+00
2.475528258147576821e+00
2.354526558823322624e+00
1.802096265092212546e+00
9.915082282425734528e-01
1.656204625168863909e-01
-4.755282581476292236e-01
-8.589108258007719376e-01
-1.051225561002596898e+00
-1.195870025998913677e+00
-1.410969407225982408e+00
-1.706107373853780862e+00
-1.964779649372422554e+00
-2.003290610137766325e+00
-1.674583868799065511e+00
-9.603075417142024062e-01
2.941133055990730382e-14
9.603075417143107639e-01
1.674583868799107478e+00
2.003290610137824501e+00
1.964779649372486947e+00
1.706107373853820608e+00
1.410969407225975747e+00
1.195870025998890585e+00
1.051225561002453235e+00
8.589108258007346342e-01
4.755282581475630543e-01
-1.656204625168356537e-01
-9.915082282425232707e-01
-1.802096265092197003e+00
-2.354526558823275550e+00
-2.475528258147591920e+00
-2.142989869641201750e+00
-1.493689045167533536e+00
-7.534065418339846998e-01
-1.268903633855381075e-01
2.938926261462734280e-01
5.553673719678042797e-01
7.903138831970615286e-01
1.119020624535734143e+00
1.559839479625927172e+00
1.999999999999971356e+00
2.244386585554602576e+00
2.117047352964040563e+00
1.560827125972850116e+00
6.807006055321256355e-01
-2.938926261462167511e-01
-1.109177614114227328e+00
-1.597734467335962361e+00
-1.742378932332366404e+00
-1.661236195539464999e+00
-1.524471741852442719e+00
-1.449699506357283951e+00
-1.433971712407523968e+00
-1.359632780927235052e+00
-1.070447514982865833e+00
-4.755282581475885340e-01
3.771571516989550288e-01
1.299915448167333620e+00
2.040197951500876794e+00
2.393256657954666355e+00
2.293892626146270874e+00
1.839446415808173363e+00
1.232777367362043908e+00
6.765571403707880682e-01
2.757604357855342747e-01
-3.528468335072188964e-14
-2.757604357855871213e-01
-6.765571403707968390e-01
-1.232777367362006160e+00
-1.839446415808111190e+00
-2.293892626146218916e+00
-2.393256657954652589e+00
-2.040197951500907880e+00
-1.299915448167391574e+00
-3.771571516990059880e-01
4.755282581475744341e-01
1.070447514982898918e+00
1.359632780927299889e+00
1.433971712407587473e+00
1.449699506357313261e+00
1.524471741852422735e+00
1.661236195539406602e+00
1.742378932332300456e+00
1.597734467335923059e+00
1.109177614114233990e+00
2.938926261462632139e-01
-6.807006055320670157e-01
-1.560827125972813478e+00
-2.117047352964048113e+00
-2.244386585554651425e+00
-2.000000000000035971e+00
-1.559839479625972469e+00
-1.119020624535734809e+00
-7.903138831970153433e-01
-5.553673719677344467e-01
-2.938926261462151968e-01
1.268903633855558710e-01
7.534065418339548348e-01
1.493689045167474250e+00
2.142989869641146683e+00
2.475528258147571492e+00
2.354526558823301308e+00
1.802096265092253624e+00
9.915082282425784488e-01
1.656204625168576361e-01
-4.755282581475889225e-01
-8.589108258007969177e-01
-1.051225561002520736e+00
-1.195870025998928776e+00
-1.410969407225965311e+00
-1.706107373853768205e+00
-1.964779649372421000e+00
-2.003290610137749450e+00
-1.674583868799057074e+00
-9.603075417142566961e-01
2.549246080263576961e-14
9.603075417142565851e-01
1.674583868799115915e+00
2.003290610137808070e+00
1.964779649372467407e+00
1.706107373853787301e+00
1.410969407225946881e+00
1.195870025998872599e+00
1.051225561002483433e+00
8.589108258007054353e-01
4.755282581475640535e-01
-1.656204625169184208e-01
-9.915082282426170845e-01
-1.802096265092275607e+00
-2.354526558823314186e+00
-2.475528258147579042e+00
-2.142989869641144018e+00
-1.493689045167486684e+00
-7.534065418339530584e-01
-1.268903633854805979e-01
2.938926261463087330e-01
5.553673719677746368e-01
7.903138831970447642e-01
1.119020624535810526e+00
1.559839479625978464e+00
2.000000000000012434e+00
2.244386585554628777e+00
2.117047352964036122e+00
1.560827125972768181e+00
6.807006055320194982e-01
-2.938926261462618261e-01
-1.109177614114246202e+00
-1.597734467336041631e+00
-1.742378932332355079e+00
-1.661236195539464777e+00
-1.524471741852430062e+00
-1.449699506357273737e+00
-1.433971712407535737e+00
-1.359632780927309881e+00
-1.070447514982848070e+00
-4.755282581475815951e-01
3.771571516990022133e-01
1.299915448167282106e+00
2.040197951500841711e+00
2.393256657954662359e+00
2.293892626146283753e+00
1.839446415808202895e+00
1.232777367362044352e+00
6.765571403707775211e-01
2.757604357855117372e-01
-5.883256481000004177e-15
-2.757604357855555355e-01
-6.765571403707613118e-01
-1.232777367362003051e+00
-1.839446415808099200e+00
-2.293892626146206037e+00
-2.393256657954663691e+00
-2.040197951500909213e+00
-1.299915448167397347e+00
-3.771571516990627204e-01
4.755282581475245296e-01
1.070447514982862725e+00
1.359632780927323870e+00
1.433971712407609012e+00
1.449699506357306156e+00
1.524471741852417628e+00
1.661236195539389282e+00
1.742378932332278474e+00
1.597734467335951036e+00
1.109177614114279731e+00
2.938926261462073142e-01
-6.807006055320626858e-01
-1.560827125972812812e+00
-2.117047352964022799e+00
-2.244386585554648761e+00
-2.000000000000051514e+00
-1.559839479625980463e+00
-1.119020624535762121e+00
-7.903138831970417666e-01
-5.553673719676537335e-01
-2.938926261461907163e-01
1.268903633855700264e-01
7.534065418339098708e-01
1.493689045167432505e+00
2.142989869641136469e+00
2.475528258147567051e+00
2.354526558823322180e+00
1.802096265092294480e+00
9.915082282425837779e-01
1.656204625168530842e-01
-4.755282581476055759e-01
-8.589108258007678298e-01
-1.051225561002499420e+00
-1.195870025998944097e+00
-1.410969407225966199e+00
-1.706107373853755549e+00
-1.964779649372419446e+00
-2.003290610137732575e+00
-1.674583868799048414e+00
-9.603075417142570291e-01
-3.526982781544377316e-14
9.603075417142021841e-01
1.674583868799124575e+00
2.003290610137824945e+00
1.964779649372468961e+00
1.706107373853799736e+00
1.410969407225945993e+00
1.195870025998857056e+00
1.051225561002459008e+00
8.589108258007345231e-01
4.755282581476042991e-01
-1.656204625169229727e-01
-9.915082282426119775e-01
-1.802096265092234528e+00
-2.354526558823293758e+00
-2.475528258147583927e+00
-2.142989869641154232e+00
-1.493689045167494900e+00
-7.534065418339519482e-01
-1.268903633855746338e-01
2.938926261463332135e-01
5.553673719678013931e-01
7.903138831970644151e-01
1.119020624535749686e+00
1.559839479625970693e+00
1.999999999999996891e+00
2.244386585554613678e+00
2.117047352964028128e+00
1.560827125972860552e+00
6.807006055320238280e-01
-2.938926261462608824e-01
-1.109177614114254418e+00
-1.597734467335967690e+00
-1.742378932332388830e+00
-1.661236195539467664e+00
-1.524471741852434947e+00
-1.449699506357287726e+00
-1.433971712407500432e+00
-1.359632780927193751e+00
-1.070447514982854287e+00
-4.755282581475571146e-01
3.771571516989996598e-01
1.299915448167423326e+00
2.040197951500937634e+00
2.393256657954669020e+00
2.293892626146250446e+00
1.839446415808123181e+00
1.232777367361980403e+00
6.765571403707705267e-01
2.757604357855305555e-01
-3.332524847208612727e-14
-2.757604357856448529e-01
-6.765571403708603437e-01
-1.232777367362000165e+00
-1.839446415808143609e+00
-2.293892626146239344e+00
-2.393256657954621502e+00
-2.040197951500880347e+00
-1.299915448167348053e+00
-3.771571516990652739e-01
4.755282581475313575e-01
1.070447514982880488e+00
1.359632780927256146e+00
1.433971712407630550e+00
1.449699506357316370e+00
1.524471741852412965e+00
1.661236195539406824e+00
1.742378932332256047e+00
1.597734467335933051e+00
1.109177614114271293e+00
2.938926261463218892e-01
-6.807006055320582449e-01
-1.560827125972812590e+00
-2.117047352964030349e+00
-2.244386585554663860e+00
-2.000000000000067057e+00
-1.559839479625988012e+00
-1.119020624535756347e+00
-7.903138831970224487e-01
-5.553673719677351128e-01
-2.938926261461662914e-01
1.268903633855840707e-01
7.534065418339110920e-01
1.493689045167424512e+00
2.142989869641091172e+00
2.475528258147562166e+00
2.354526558823325288e+00
1.802096265092302252e+00
9.915082282426807003e-01
1.656204625168485878e-01
-4.755282581476221737e-01
-8.589108258007926988e-01
-1.051225561002524289e+00
-1.195870025998892583e+00
-1.410969407225966865e+00
-1.706107373853742448e+00
-1.964779649372400128e+00
-2.003290610137782313e+00
-1.674583868799039976e+00
-9.603075417142573622e-01
